# Calbration constants for [f1, f2, f3, preshape]
encoder_zero_reference: [3.62924, 2.68847, 0.892832]
motor_zero_reference: [14.0296, 17.0811, 15.6332, 15.1063]
