# Calbration constants for [f1, f2, f3, preshape]
encoder_zero_reference: [3.95101, 5.05555, 2.67926]
motor_zero_reference: [59.0014, 58.4223, 60.3759, 56.3375]
