# Calibration constants for [f1, f2, f3, preshape]
encoder_zero_reference: [4.06875, 2.97534, 2.20638]
motor_zero_reference: [58.379, 56.8058, 58.3272, 54.484]
