# Calbration constants for [f1, f2, f3, preshape]
encoder_zero_reference: [0.50241, 6.03966, 2.95463]
motor_zero_reference: [63.8768, 60.0776, 57.5233, 54.3981]