# Calbration constants for [f1, f2, f3, preshape]
encoder_zero_reference: [0.734822, 5.66995, 1.81596]
motor_zero_reference: [57.1732, 56.8749, 58.4655, 54.7008]
