# Calbration constants for [f1, f2, f3, preshape]
encoder_zero_reference: [2.21521, 6.11559, 5.94109]
motor_zero_reference: [59.6108, 56.3347, 58.7118, 55.2246]
