# Calbration constants for [f1, f2, f3, preshape]
encoder_zero_reference: [5.3079, 2.58223, 5.78308]
motor_zero_reference: [57.5708, 59.7319, 55.0035, 55.2982]
