# Calibration constants for [f1, f2, f3, preshape]
encoder_zero_reference: [2.24665, 6.07878, 4.67548]
motor_zero_reference: [59.4985, 56.5378, 60.2678, 55.3596]
