# Calibration constants for [f1, f2, f3, preshape]
encoder_zero_reference: [4.71728, 0.958798, 4.80818]
motor_zero_reference: [59.7881, 57.0997, 58.4223, 55.646]
