# Calibration constants for [f1, f2, f3, preshape]
encoder_zero_reference: [4.65707, 0.970303, 4.85075]
motor_zero_reference: [56.7193, 59.8788, 58.7075, 55.1714]
